var temp = d3d_model_create();
d3d_model_primitive_begin(temp,pr_trianglelist);
d3d_model_vertex_normal_texture(temp, -64.000000, -16.000000, 0.000000, -0.707083, 0.707083, 0.000000, 0.175002, 0.453161);
d3d_model_vertex_normal_texture(temp, -64.000000, -48.000000, 0.000000, -0.923856, -0.382672, 0.000000, 0.118804, 0.453161);
d3d_model_vertex_normal_texture(temp, -64.000000, -48.000000, 224.000000, -0.923856, -0.382672, 0.000000, 0.118804, 0.115969);
d3d_model_vertex_normal_texture(temp, 56.000000, 16.000000, 224.000000, 0.707083, -0.707083, 0.000000, 0.661921, 0.115968);
d3d_model_vertex_normal_texture(temp, 56.000000, 16.000000, 0.000000, 0.707083, -0.707083, 0.000000, 0.661921, 0.453161);
d3d_model_vertex_normal_texture(temp, 64.000000, 16.000000, 0.000000, 0.707083, -0.707083, 0.000000, 0.647872, 0.453161);
d3d_model_vertex_normal_texture(temp, -56.000000, -16.000000, 0.000000, -0.707083, 0.707083, 0.000000, 0.189052, 0.453161);
d3d_model_vertex_normal_texture(temp, -64.000000, -16.000000, 0.000000, -0.707083, 0.707083, 0.000000, 0.175002, 0.453161);
d3d_model_vertex_normal_texture(temp, -64.000000, -16.000000, 224.000000, -0.707083, 0.707083, 0.000000, 0.175002, 0.115968);
d3d_model_vertex_normal_texture(temp, -64.000000, 48.000000, 224.000000, -0.923856, 0.382672, 0.000000, 0.315499, 0.115968);
d3d_model_vertex_normal_texture(temp, -64.000000, 48.000000, 0.000000, -0.923856, 0.382672, 0.000000, 0.315500, 0.453161);
d3d_model_vertex_normal_texture(temp, -64.000000, 16.000000, 0.000000, -0.707083, -0.707083, 0.000000, 0.259301, 0.453161);
d3d_model_vertex_normal_texture(temp, -48.000000, 64.000000, 224.000000, -0.382672, 0.923856, 0.000000, 0.355238, 0.115968);
d3d_model_vertex_normal_texture(temp, -48.000000, 64.000000, 0.000000, -0.382672, 0.923856, 0.000000, 0.355238, 0.453161);
d3d_model_vertex_normal_texture(temp, -64.000000, 48.000000, 0.000000, -0.923856, 0.382672, 0.000000, 0.315500, 0.453161);
d3d_model_vertex_normal_texture(temp, -56.000000, 16.000000, 224.000000, -0.707083, -0.707083, 0.000000, 0.245251, 0.115968);
d3d_model_vertex_normal_texture(temp, -56.000000, 16.000000, 0.000000, -0.707083, -0.707083, 0.000000, 0.245251, 0.453161);
d3d_model_vertex_normal_texture(temp, -56.000000, -16.000000, 0.000000, -0.707083, 0.707083, 0.000000, 0.189052, 0.453161);
d3d_model_vertex_normal_texture(temp, -64.000000, -48.000000, 0.000000, -0.923856, -0.382672, 0.000000, 0.118804, 0.453161);
d3d_model_vertex_normal_texture(temp, -48.000000, -64.000000, 0.000000, -0.382672, -0.923856, 0.000000, 0.079065, 0.453161);
d3d_model_vertex_normal_texture(temp, -48.000000, -64.000000, 224.000000, -0.382672, -0.923856, 0.000000, 0.079065, 0.115969);
d3d_model_vertex_normal_texture(temp, 48.000000, 64.000000, 224.000000, 0.382672, 0.923856, 0.000000, 0.551934, 0.115968);
d3d_model_vertex_normal_texture(temp, 48.000000, 64.000000, 0.000000, 0.382672, 0.923856, 0.000000, 0.551934, 0.453161);
d3d_model_vertex_normal_texture(temp, 16.000000, 64.000000, 0.000000, -0.707083, 0.707083, 0.000000, 0.495735, 0.453161);
d3d_model_vertex_normal_texture(temp, 16.000000, -64.000000, 224.000000, -0.707083, -0.707083, 0.000000, 0.884306, 0.115968);
d3d_model_vertex_normal_texture(temp, 16.000000, -64.000000, 0.000000, -0.707083, -0.707083, 0.000000, 0.884306, 0.453161);
d3d_model_vertex_normal_texture(temp, 48.000000, -64.000000, 0.000000, 0.382672, -0.923856, 0.000000, 0.828107, 0.453161);
d3d_model_vertex_normal_texture(temp, -64.000000, 16.000000, 224.000000, -0.707083, -0.707083, 0.000000, 0.259301, 0.115968);
d3d_model_vertex_normal_texture(temp, -64.000000, 16.000000, 0.000000, -0.707083, -0.707083, 0.000000, 0.259301, 0.453161);
d3d_model_vertex_normal_texture(temp, -56.000000, 16.000000, 0.000000, -0.707083, -0.707083, 0.000000, 0.245251, 0.453161);
d3d_model_vertex_normal_texture(temp, 64.000000, 48.000000, 224.000000, 0.923856, 0.382672, 0.000000, 0.591673, 0.115968);
d3d_model_vertex_normal_texture(temp, 64.000000, 48.000000, 0.000000, 0.923856, 0.382672, 0.000000, 0.591673, 0.453161);
d3d_model_vertex_normal_texture(temp, 48.000000, 64.000000, 0.000000, 0.382672, 0.923856, 0.000000, 0.551934, 0.453161);
d3d_model_vertex_normal_texture(temp, 16.000000, 56.000000, 224.000000, -0.707083, 0.707083, 0.000000, 0.481686, 0.115968);
d3d_model_vertex_normal_texture(temp, 16.000000, 56.000000, 0.000000, -0.707083, 0.707083, 0.000000, 0.481686, 0.453161);
d3d_model_vertex_normal_texture(temp, -16.000000, 56.000000, 0.000000, 0.707083, 0.707083, 0.000000, 0.425487, 0.453161);
d3d_model_vertex_normal_texture(temp, 16.000000, -56.000000, 224.000000, -0.707083, -0.707083, 0.000000, 0.898356, 0.115968);
d3d_model_vertex_normal_texture(temp, 16.000000, -56.000000, 0.000000, -0.707083, -0.707083, 0.000000, 0.898356, 0.453161);
d3d_model_vertex_normal_texture(temp, 16.000000, -64.000000, 0.000000, -0.707083, -0.707083, 0.000000, 0.884306, 0.453161);
d3d_model_vertex_normal_texture(temp, 16.000000, 64.000000, 224.000000, -0.707083, 0.707083, 0.000000, 0.495735, 0.115968);
d3d_model_vertex_normal_texture(temp, 16.000000, 64.000000, 0.000000, -0.707083, 0.707083, 0.000000, 0.495735, 0.453161);
d3d_model_vertex_normal_texture(temp, 16.000000, 56.000000, 0.000000, -0.707083, 0.707083, 0.000000, 0.481686, 0.453161);
d3d_model_vertex_normal_texture(temp, 48.000000, -64.000000, 224.000000, 0.382672, -0.923856, 0.000000, 0.828107, 0.115968);
d3d_model_vertex_normal_texture(temp, 48.000000, -64.000000, 0.000000, 0.382672, -0.923856, 0.000000, 0.828107, 0.453161);
d3d_model_vertex_normal_texture(temp, 64.000000, -48.000000, 0.000000, 0.923856, -0.382672, 0.000000, 0.788369, 0.453161);
d3d_model_vertex_normal_texture(temp, 64.000000, -48.000000, 224.000000, 0.923856, -0.382672, 0.000000, 0.788369, 0.115968);
d3d_model_vertex_normal_texture(temp, 64.000000, -48.000000, 0.000000, 0.923856, -0.382672, 0.000000, 0.788369, 0.453161);
d3d_model_vertex_normal_texture(temp, 64.000000, -16.000000, 0.000000, 0.707083, 0.707083, 0.000000, 0.732170, 0.453161);
d3d_model_vertex_normal_texture(temp, -48.000000, -64.000000, 0.000000, -0.382672, -0.923856, 0.000000, 0.079065, 0.453161);
d3d_model_vertex_normal_texture(temp, -16.000000, -64.000000, 0.000000, 0.707083, -0.707083, 0.000000, 0.022866, 0.453161);
d3d_model_vertex_normal_texture(temp, -16.000000, -64.000000, 224.000000, 0.707083, -0.707083, 0.000000, 0.022866, 0.115969);
d3d_model_vertex_normal_texture(temp, -16.000000, 64.000000, 224.000000, 0.707083, 0.707083, 0.000000, 0.411437, 0.115968);
d3d_model_vertex_normal_texture(temp, -16.000000, 64.000000, 0.000000, 0.707083, 0.707083, 0.000000, 0.411437, 0.453161);
d3d_model_vertex_normal_texture(temp, -48.000000, 64.000000, 0.000000, -0.382672, 0.923856, 0.000000, 0.355238, 0.453161);
d3d_model_vertex_normal_texture(temp, 56.000000, -16.000000, 224.000000, 0.707083, 0.707083, 0.000000, 0.718120, 0.115968);
d3d_model_vertex_normal_texture(temp, 56.000000, -16.000000, 0.000000, 0.707083, 0.707083, 0.000000, 0.718120, 0.453161);
d3d_model_vertex_normal_texture(temp, 56.000000, 16.000000, 0.000000, 0.707083, -0.707083, 0.000000, 0.661921, 0.453161);
d3d_model_vertex_normal_texture(temp, 64.000000, -16.000000, 224.000000, 0.707083, 0.707083, 0.000000, 0.732170, 0.115968);
d3d_model_vertex_normal_texture(temp, 64.000000, -16.000000, 0.000000, 0.707083, 0.707083, 0.000000, 0.732170, 0.453161);
d3d_model_vertex_normal_texture(temp, 56.000000, -16.000000, 0.000000, 0.707083, 0.707083, 0.000000, 0.718120, 0.453161);
d3d_model_vertex_normal_texture(temp, -16.000000, -64.000000, 0.000000, 0.707083, -0.707083, 0.000000, 0.022866, 0.453161);
d3d_model_vertex_normal_texture(temp, -16.000000, -56.000000, 0.000000, 0.707083, -0.707083, 0.000000, 0.008816, 0.453161);
d3d_model_vertex_normal_texture(temp, -16.000000, -56.000000, 224.000000, 0.707083, -0.707083, 0.000000, 0.008816, 0.115969);
d3d_model_vertex_normal_texture(temp, -16.000000, 56.000000, 224.000000, 0.707083, 0.707083, 0.000000, 0.425487, 0.115968);
d3d_model_vertex_normal_texture(temp, -16.000000, 56.000000, 0.000000, 0.707083, 0.707083, 0.000000, 0.425487, 0.453161);
d3d_model_vertex_normal_texture(temp, -16.000000, 64.000000, 0.000000, 0.707083, 0.707083, 0.000000, 0.411437, 0.453161);
d3d_model_vertex_normal_texture(temp, -16.000000, -56.000000, 0.000000, 0.707083, -0.707083, 0.000000, 0.954555, 0.453161);
d3d_model_vertex_normal_texture(temp, 16.000000, -56.000000, 0.000000, -0.707083, -0.707083, 0.000000, 0.898356, 0.453161);
d3d_model_vertex_normal_texture(temp, 16.000000, -56.000000, 224.000000, -0.707083, -0.707083, 0.000000, 0.898356, 0.115968);
d3d_model_vertex_normal_texture(temp, 64.000000, 16.000000, 224.000000, 0.707083, -0.707083, 0.000000, 0.647872, 0.115968);
d3d_model_vertex_normal_texture(temp, 64.000000, 16.000000, 0.000000, 0.707083, -0.707083, 0.000000, 0.647872, 0.453161);
d3d_model_vertex_normal_texture(temp, 64.000000, 48.000000, 0.000000, 0.923856, 0.382672, 0.000000, 0.591673, 0.453161);
d3d_model_vertex_normal_texture(temp, 121.599998, -91.199997, 224.000076, 0.444014, -0.154790, -0.882504, 0.397366, 0.517222);
d3d_model_vertex_normal_texture(temp, 128.000000, -96.000000, 232.000076, 0.861171, -0.370006, -0.348491, 0.409940, 0.501838);
d3d_model_vertex_normal_texture(temp, 96.000000, -128.000000, 232.000061, 0.370006, -0.861171, -0.348491, 0.466139, 0.558037);
d3d_model_vertex_normal_texture(temp, 121.599998, 91.199997, 224.000061, 0.444014, 0.154790, -0.882504, 0.077032, 0.517222);
d3d_model_vertex_normal_texture(temp, 91.199997, 121.599998, 224.000061, 0.154790, 0.444014, -0.882504, 0.023643, 0.570611);
d3d_model_vertex_normal_texture(temp, 96.000000, 128.000000, 232.000061, 0.370006, 0.861171, -0.348491, 0.008259, 0.558036);
d3d_model_vertex_normal_texture(temp, -121.599998, 91.199997, 223.999924, -0.444014, 0.154790, -0.882504, 0.077032, 0.944333);
d3d_model_vertex_normal_texture(temp, -128.000000, 96.000000, 231.999908, -0.861171, 0.370006, -0.348491, 0.064458, 0.959717);
d3d_model_vertex_normal_texture(temp, -96.000000, 128.000000, 231.999939, -0.370006, 0.861171, -0.348491, 0.008259, 0.903518);
d3d_model_vertex_normal_texture(temp, -121.599998, -91.199997, 223.999924, -0.444014, -0.154790, -0.882504, 0.397366, 0.944333);
d3d_model_vertex_normal_texture(temp, -91.199997, -121.599998, 223.999939, -0.154790, -0.444014, -0.882504, 0.450754, 0.890944);
d3d_model_vertex_normal_texture(temp, -96.000000, -128.000000, 231.999939, -0.370006, -0.861171, -0.348491, 0.466139, 0.903518);
d3d_model_vertex_normal_texture(temp, 64.000000, -128.000000, 232.000015, 0.061190, -0.953276, -0.295724, 0.468747, 0.618380);
d3d_model_vertex_normal_texture(temp, 56.000000, -121.599998, 224.000015, 0.122135, -0.115940, -0.985687, 0.450754, 0.632429);
d3d_model_vertex_normal_texture(temp, 91.199997, -121.599998, 224.000061, 0.154790, -0.444014, -0.882504, 0.450754, 0.570611);
d3d_model_vertex_normal_texture(temp, 121.599998, -91.199997, 224.000076, 0.444014, -0.154790, -0.882504, 0.397366, 0.517222);
d3d_model_vertex_normal_texture(temp, 121.599998, 91.199997, 224.000061, 0.444014, 0.154790, -0.882504, 0.077032, 0.517222);
d3d_model_vertex_normal_texture(temp, 128.000000, 96.000000, 232.000061, 0.861171, 0.370006, -0.348491, 0.068602, 0.499229);
d3d_model_vertex_normal_texture(temp, 91.199997, 121.599998, 224.000061, 0.154790, 0.444014, -0.882504, 0.023643, 0.570611);
d3d_model_vertex_normal_texture(temp, -91.199997, 121.599998, 223.999939, -0.154790, 0.444014, -0.882504, 0.023643, 0.890944);
d3d_model_vertex_normal_texture(temp, -96.000000, 128.000000, 231.999939, -0.370006, 0.861171, -0.348491, 0.005651, 0.899374);
d3d_model_vertex_normal_texture(temp, -121.599998, 91.199997, 223.999924, -0.444014, 0.154790, -0.882504, 0.077032, 0.944333);
d3d_model_vertex_normal_texture(temp, -121.599998, -91.199997, 223.999924, -0.444014, -0.154790, -0.882504, 0.397366, 0.944333);
d3d_model_vertex_normal_texture(temp, -128.000000, -96.000000, 231.999924, -0.861171, -0.370006, -0.348491, 0.405795, 0.962326);
d3d_model_vertex_normal_texture(temp, 64.000000, -128.000000, 248.000015, 0.061159, -0.953276, 0.295724, 0.501163, 0.619792);
d3d_model_vertex_normal_texture(temp, 64.000000, -128.000000, 232.000015, 0.061190, -0.953276, -0.295724, 0.473063, 0.619792);
d3d_model_vertex_normal_texture(temp, 96.000000, -128.000000, 232.000061, 0.370006, -0.861171, -0.348491, 0.473063, 0.563593);
d3d_model_vertex_normal_texture(temp, 128.000000, -96.000000, 232.000076, 0.861171, -0.370006, -0.348491, 0.564114, 0.472542);
d3d_model_vertex_normal_texture(temp, 128.000000, 96.000000, 232.000061, 0.861171, 0.370006, -0.348491, 0.901307, 0.472541);
d3d_model_vertex_normal_texture(temp, 128.000000, 96.000000, 248.000061, 0.861171, 0.370006, 0.348491, 0.901307, 0.500641);
d3d_model_vertex_normal_texture(temp, 96.000000, 128.000000, 232.000061, 0.370006, 0.861171, -0.348491, 0.992358, 0.563592);
d3d_model_vertex_normal_texture(temp, -96.000000, 128.000000, 231.999939, -0.370006, 0.861171, -0.348491, 0.992357, 0.900785);
d3d_model_vertex_normal_texture(temp, -96.000000, 128.000000, 247.999939, -0.370006, 0.861171, 0.348491, 0.964258, 0.900785);
d3d_model_vertex_normal_texture(temp, -128.000000, 96.000000, 231.999908, -0.861171, 0.370006, -0.348491, 0.901308, 0.991837);
d3d_model_vertex_normal_texture(temp, -128.000000, -96.000000, 231.999924, -0.861171, -0.370006, -0.348491, 0.564114, 0.991837);
d3d_model_vertex_normal_texture(temp, -128.000000, -96.000000, 247.999924, -0.861171, -0.370006, 0.348491, 0.564114, 0.963737);
d3d_model_vertex_normal_texture(temp, 128.000000, -96.000000, 232.000076, 0.861171, -0.370006, -0.348491, 0.540100, 0.483380);
d3d_model_vertex_normal_texture(temp, 128.000000, -96.000000, 248.000076, 0.861171, -0.370006, 0.348491, 0.559970, 0.503249);
d3d_model_vertex_normal_texture(temp, 96.000000, -128.000000, 248.000061, 0.370006, -0.861171, 0.348491, 0.503771, 0.559448);
d3d_model_vertex_normal_texture(temp, 128.000000, 96.000000, 232.000061, 0.861171, 0.370006, -0.348491, 0.925321, 0.483380);
d3d_model_vertex_normal_texture(temp, 96.000000, 128.000000, 232.000061, 0.370006, 0.861171, -0.348491, 0.981520, 0.539579);
d3d_model_vertex_normal_texture(temp, 96.000000, 128.000000, 248.000061, 0.370006, 0.861171, 0.348491, 0.961651, 0.559448);
d3d_model_vertex_normal_texture(temp, -96.000000, 128.000000, 231.999939, -0.370006, 0.861171, -0.348491, 0.981520, 0.924799);
d3d_model_vertex_normal_texture(temp, -128.000000, 96.000000, 231.999908, -0.861171, 0.370006, -0.348491, 0.925321, 0.980998);
d3d_model_vertex_normal_texture(temp, -128.000000, 96.000000, 247.999908, -0.861171, 0.370006, 0.348491, 0.905452, 0.961129);
d3d_model_vertex_normal_texture(temp, -96.000000, -128.000000, 231.999939, -0.370006, -0.861171, -0.348491, 0.483902, 0.924799);
d3d_model_vertex_normal_texture(temp, -96.000000, -128.000000, 247.999939, -0.370006, -0.861171, 0.348491, 0.503771, 0.904930);
d3d_model_vertex_normal_texture(temp, -128.000000, -96.000000, 247.999924, -0.861171, -0.370006, 0.348491, 0.559970, 0.961129);
d3d_model_vertex_normal_texture(temp, 128.000000, 96.000000, 248.000061, 0.861171, 0.370006, 0.348491, 0.905452, 0.503249);
d3d_model_vertex_normal_texture(temp, 96.000000, 128.000000, 248.000061, 0.370006, 0.861171, 0.348491, 0.961651, 0.559448);
d3d_model_vertex_normal_texture(temp, 91.199997, 121.599998, 256.000061, 0.154790, 0.444014, 0.882504, 0.946266, 0.572022);
d3d_model_vertex_normal_texture(temp, -128.000000, 96.000000, 247.999908, -0.861171, 0.370006, 0.348491, 0.905452, 0.961129);
d3d_model_vertex_normal_texture(temp, -121.599998, 91.199997, 255.999924, -0.444014, 0.154790, 0.882504, 0.892878, 0.945745);
d3d_model_vertex_normal_texture(temp, -91.199997, 121.599998, 255.999939, -0.154790, 0.444014, 0.882504, 0.946267, 0.892356);
d3d_model_vertex_normal_texture(temp, -96.000000, -128.000000, 247.999939, -0.370006, -0.861171, 0.348491, 0.503771, 0.904930);
d3d_model_vertex_normal_texture(temp, -91.199997, -121.599998, 255.999939, -0.154790, -0.444014, 0.882504, 0.519155, 0.892356);
d3d_model_vertex_normal_texture(temp, -121.599998, -91.199997, 255.999924, -0.444014, -0.154790, 0.882504, 0.572544, 0.945745);
d3d_model_vertex_normal_texture(temp, 64.000000, -128.000000, 248.000015, 0.061159, -0.953276, 0.295724, 0.501163, 0.619792);
d3d_model_vertex_normal_texture(temp, 96.000000, -128.000000, 248.000061, 0.370006, -0.861171, 0.348491, 0.501163, 0.563593);
d3d_model_vertex_normal_texture(temp, 91.199997, -121.599998, 256.000061, 0.154790, -0.444014, 0.882504, 0.519155, 0.572022);
d3d_model_vertex_normal_texture(temp, 128.000000, -96.000000, 248.000076, 0.861171, -0.370006, 0.348491, 0.564114, 0.500641);
d3d_model_vertex_normal_texture(temp, 128.000000, 96.000000, 248.000061, 0.861171, 0.370006, 0.348491, 0.901307, 0.500641);
d3d_model_vertex_normal_texture(temp, 121.599998, 91.199997, 256.000061, 0.444014, 0.154790, 0.882504, 0.892877, 0.518633);
d3d_model_vertex_normal_texture(temp, 96.000000, 128.000000, 248.000061, 0.370006, 0.861171, 0.348491, 0.964259, 0.563592);
d3d_model_vertex_normal_texture(temp, -96.000000, 128.000000, 247.999939, -0.370006, 0.861171, 0.348491, 0.964258, 0.900785);
d3d_model_vertex_normal_texture(temp, -91.199997, 121.599998, 255.999939, -0.154790, 0.444014, 0.882504, 0.946267, 0.892356);
d3d_model_vertex_normal_texture(temp, -128.000000, 96.000000, 247.999908, -0.861171, 0.370006, 0.348491, 0.901308, 0.963737);
d3d_model_vertex_normal_texture(temp, -128.000000, -96.000000, 247.999924, -0.861171, -0.370006, 0.348491, 0.564114, 0.963737);
d3d_model_vertex_normal_texture(temp, -121.599998, -91.199997, 255.999924, -0.444014, -0.154790, 0.882504, 0.572544, 0.945745);
d3d_model_vertex_normal_texture(temp, 96.000000, -128.000000, 248.000061, 0.370006, -0.861171, 0.348491, 0.503771, 0.559448);
d3d_model_vertex_normal_texture(temp, 128.000000, -96.000000, 248.000076, 0.861171, -0.370006, 0.348491, 0.559970, 0.503249);
d3d_model_vertex_normal_texture(temp, 121.599998, -91.199997, 256.000061, 0.444014, -0.154790, 0.882504, 0.572544, 0.518634);
d3d_model_vertex_normal_texture(temp, -91.199997, -121.599998, 255.999939, -0.154790, -0.444014, 0.882504, 0.519155, 0.892356);
d3d_model_vertex_normal_texture(temp, -96.000000, -128.000000, 247.999939, -0.370006, -0.861171, 0.348491, 0.501163, 0.900786);
d3d_model_vertex_normal_texture(temp, -64.000000, -128.000000, 247.999969, -0.061190, -0.953276, 0.295724, 0.501163, 0.844587);
d3d_model_vertex_normal_texture(temp, -56.000000, -128.000000, 223.999969, -0.297098, -0.630238, -0.717277, 0.025205, 0.024851);
d3d_model_vertex_normal_texture(temp, -64.000000, -128.000000, 231.999969, -0.061190, -0.953276, -0.295724, 0.005336, 0.024851);
d3d_model_vertex_normal_texture(temp, -56.000000, -121.599998, 223.999969, -0.122135, -0.115940, -0.985687, 0.025205, 0.013611);
d3d_model_vertex_normal_texture(temp, -96.000000, -128.000000, 247.999939, -0.370006, -0.861171, 0.348491, 0.501163, 0.900786);
d3d_model_vertex_normal_texture(temp, -96.000000, -128.000000, 231.999939, -0.370006, -0.861171, -0.348491, 0.473063, 0.900786);
d3d_model_vertex_normal_texture(temp, -64.000000, -128.000000, 231.999969, -0.061190, -0.953276, -0.295724, 0.473063, 0.844587);
d3d_model_vertex_normal_texture(temp, 56.000000, -128.000000, 224.000015, 0.297098, -0.630238, -0.717277, 0.221901, 0.024851);
d3d_model_vertex_normal_texture(temp, 56.000000, -121.599998, 224.000015, 0.122135, -0.115940, -0.985687, 0.221901, 0.013611);
d3d_model_vertex_normal_texture(temp, 64.000000, -128.000000, 232.000015, 0.061190, -0.953276, -0.295724, 0.241771, 0.024851);
d3d_model_vertex_normal_texture(temp, -91.199997, -121.599998, 223.999939, -0.154790, -0.444014, -0.882504, 0.450754, 0.890944);
d3d_model_vertex_normal_texture(temp, -56.000000, -121.599998, 223.999969, -0.122135, -0.115940, -0.985687, 0.450754, 0.829125);
d3d_model_vertex_normal_texture(temp, -64.000000, -128.000000, 231.999969, -0.061190, -0.953276, -0.295724, 0.468747, 0.843175);
d3d_model_vertex_normal_texture(temp, 56.000000, -121.599998, 256.000000, 0.122135, -0.115940, 0.985687, 0.221901, 0.092289);
d3d_model_vertex_normal_texture(temp, 56.000000, -128.000000, 256.000000, 0.297098, -0.630238, 0.717277, 0.221901, 0.081050);
d3d_model_vertex_normal_texture(temp, 64.000000, -128.000000, 248.000015, 0.061159, -0.953276, 0.295724, 0.241770, 0.081050);
d3d_model_vertex_normal_texture(temp, -56.000000, -121.599998, 255.999969, -0.122135, -0.115940, 0.985687, 0.025205, 0.092290);
d3d_model_vertex_normal_texture(temp, -64.000000, -128.000000, 247.999969, -0.061190, -0.953276, 0.295724, 0.005336, 0.081050);
d3d_model_vertex_normal_texture(temp, -56.000000, -128.000000, 255.999969, -0.297098, -0.630238, 0.717277, 0.025205, 0.081050);
d3d_model_vertex_normal_texture(temp, 56.000000, -121.599998, 224.000015, 0.122135, -0.115940, -0.985687, 0.221901, 0.013611);
d3d_model_vertex_normal_texture(temp, 56.000000, -128.000000, 224.000015, 0.297098, -0.630238, -0.717277, 0.221901, 0.024851);
d3d_model_vertex_normal_texture(temp, -56.000000, -128.000000, 223.999969, -0.297098, -0.630238, -0.717277, 0.025205, 0.024851);
d3d_model_vertex_normal_texture(temp, -56.000000, -128.000000, 255.999969, -0.297098, -0.630238, 0.717277, 0.025205, 0.081050);
d3d_model_vertex_normal_texture(temp, 56.000000, -128.000000, 256.000000, 0.297098, -0.630238, 0.717277, 0.221901, 0.081050);
d3d_model_vertex_normal_texture(temp, 56.000000, -121.599998, 256.000000, 0.122135, -0.115940, 0.985687, 0.221901, 0.092289);
d3d_model_vertex_normal_texture(temp, -56.000000, -128.000000, 255.999969, -0.297098, -0.630238, 0.717277, 0.025205, 0.081050);
d3d_model_vertex_normal_texture(temp, -64.000000, -128.000000, 247.999969, -0.061190, -0.953276, 0.295724, 0.011156, 0.067000);
d3d_model_vertex_normal_texture(temp, -64.000000, -128.000000, 231.999969, -0.061190, -0.953276, -0.295724, 0.011156, 0.038901);
d3d_model_vertex_normal_texture(temp, 64.000000, -128.000000, 232.000015, 0.061190, -0.953276, -0.295724, 0.235951, 0.038901);
d3d_model_vertex_normal_texture(temp, 64.000000, -128.000000, 248.000015, 0.061159, -0.953276, 0.295724, 0.235951, 0.067000);
d3d_model_vertex_normal_texture(temp, 56.000000, -128.000000, 256.000000, 0.297098, -0.630238, 0.717277, 0.221901, 0.081050);
d3d_model_vertex_normal_texture(temp, -56.000000, -128.000000, 255.999969, -0.297098, -0.630238, 0.717277, 0.025205, 0.081050);
d3d_model_vertex_normal_texture(temp, -56.000000, -128.000000, 223.999969, -0.297098, -0.630238, -0.717277, 0.025205, 0.024851);
d3d_model_vertex_normal_texture(temp, 56.000000, -128.000000, 224.000015, 0.297098, -0.630238, -0.717277, 0.221901, 0.024851);
d3d_model_vertex_normal_texture(temp, 91.199997, 121.599998, 256.000061, 0.154790, 0.444014, 0.882504, 0.946266, 0.572022);
d3d_model_vertex_normal_texture(temp, -91.199997, 121.599998, 255.999939, -0.154790, 0.444014, 0.882504, 0.946267, 0.892356);
d3d_model_vertex_normal_texture(temp, -56.000000, -121.599998, 255.999969, -0.122135, -0.115940, 0.985687, 0.519155, 0.830537);
d3d_model_vertex_normal_texture(temp, 56.000000, -121.599998, 256.000000, 0.122135, -0.115940, 0.985687, 0.519155, 0.633841);
d3d_model_vertex_normal_texture(temp, 91.199997, -121.599998, 256.000061, 0.154790, -0.444014, 0.882504, 0.519155, 0.572022);
d3d_model_vertex_normal_texture(temp, 91.199997, 121.599998, 256.000061, 0.154790, 0.444014, 0.882504, 0.946266, 0.572022);
d3d_model_vertex_normal_texture(temp, 121.599998, 91.199997, 256.000061, 0.444014, 0.154790, 0.882504, 0.892877, 0.518633);
d3d_model_vertex_normal_texture(temp, 91.199997, 121.599998, 256.000061, 0.154790, 0.444014, 0.882504, 0.946266, 0.572022);
d3d_model_vertex_normal_texture(temp, 91.199997, -121.599998, 256.000061, 0.154790, -0.444014, 0.882504, 0.519155, 0.572022);
d3d_model_vertex_normal_texture(temp, -56.000000, -121.599998, 255.999969, -0.122135, -0.115940, 0.985687, 0.519155, 0.830537);
d3d_model_vertex_normal_texture(temp, -91.199997, 121.599998, 255.999939, -0.154790, 0.444014, 0.882504, 0.946267, 0.892356);
d3d_model_vertex_normal_texture(temp, -91.199997, -121.599998, 255.999939, -0.154790, -0.444014, 0.882504, 0.519155, 0.892356);
d3d_model_vertex_normal_texture(temp, -121.599998, -91.199997, 255.999924, -0.444014, -0.154790, 0.882504, 0.572544, 0.945745);
d3d_model_vertex_normal_texture(temp, -91.199997, -121.599998, 255.999939, -0.154790, -0.444014, 0.882504, 0.519155, 0.892356);
d3d_model_vertex_normal_texture(temp, -91.199997, 121.599998, 255.999939, -0.154790, 0.444014, 0.882504, 0.946267, 0.892356);
d3d_model_vertex_normal_texture(temp, -91.199997, 121.599998, 223.999939, -0.154790, 0.444014, -0.882504, 0.023643, 0.890944);
d3d_model_vertex_normal_texture(temp, -91.199997, -121.599998, 223.999939, -0.154790, -0.444014, -0.882504, 0.450754, 0.890944);
d3d_model_vertex_normal_texture(temp, -121.599998, -91.199997, 223.999924, -0.444014, -0.154790, -0.882504, 0.397366, 0.944333);
d3d_model_vertex_normal_texture(temp, -56.000000, -121.599998, 223.999969, -0.122135, -0.115940, -0.985687, 0.450754, 0.829125);
d3d_model_vertex_normal_texture(temp, -91.199997, -121.599998, 223.999939, -0.154790, -0.444014, -0.882504, 0.450754, 0.890944);
d3d_model_vertex_normal_texture(temp, -91.199997, 121.599998, 223.999939, -0.154790, 0.444014, -0.882504, 0.023643, 0.890944);
d3d_model_vertex_normal_texture(temp, 91.199997, -121.599998, 224.000061, 0.154790, -0.444014, -0.882504, 0.450754, 0.570611);
d3d_model_vertex_normal_texture(temp, 56.000000, -121.599998, 224.000015, 0.122135, -0.115940, -0.985687, 0.450754, 0.632429);
d3d_model_vertex_normal_texture(temp, 91.199997, 121.599998, 224.000061, 0.154790, 0.444014, -0.882504, 0.023643, 0.570611);
d3d_model_vertex_normal_texture(temp, -56.000000, -121.599998, 223.999969, -0.122135, -0.115940, -0.985687, 0.450754, 0.829125);
d3d_model_vertex_normal_texture(temp, -91.199997, 121.599998, 223.999939, -0.154790, 0.444014, -0.882504, 0.023643, 0.890944);
d3d_model_vertex_normal_texture(temp, 91.199997, 121.599998, 224.000061, 0.154790, 0.444014, -0.882504, 0.023643, 0.570611);
d3d_model_vertex_normal_texture(temp, 91.199997, -121.599998, 224.000061, 0.154790, -0.444014, -0.882504, 0.450754, 0.570611);
d3d_model_vertex_normal_texture(temp, 91.199997, 121.599998, 224.000061, 0.154790, 0.444014, -0.882504, 0.023643, 0.570611);
d3d_model_vertex_normal_texture(temp, 121.599998, 91.199997, 224.000061, 0.444014, 0.154790, -0.882504, 0.077032, 0.517222);
d3d_model_vertex_normal_texture(temp, -64.000000, -16.000000, 0.000000, -0.707083, 0.707083, 0.000000, 0.175002, 0.453161);
d3d_model_vertex_normal_texture(temp, -64.000000, -48.000000, 224.000000, -0.923856, -0.382672, 0.000000, 0.118804, 0.115969);
d3d_model_vertex_normal_texture(temp, -64.000000, -16.000000, 224.000000, -0.707083, 0.707083, 0.000000, 0.175002, 0.115968);
d3d_model_vertex_normal_texture(temp, 56.000000, 16.000000, 224.000000, 0.707083, -0.707083, 0.000000, 0.661921, 0.115968);
d3d_model_vertex_normal_texture(temp, 64.000000, 16.000000, 0.000000, 0.707083, -0.707083, 0.000000, 0.647872, 0.453161);
d3d_model_vertex_normal_texture(temp, 64.000000, 16.000000, 224.000000, 0.707083, -0.707083, 0.000000, 0.647872, 0.115968);
d3d_model_vertex_normal_texture(temp, -56.000000, -16.000000, 0.000000, -0.707083, 0.707083, 0.000000, 0.189052, 0.453161);
d3d_model_vertex_normal_texture(temp, -64.000000, -16.000000, 224.000000, -0.707083, 0.707083, 0.000000, 0.175002, 0.115968);
d3d_model_vertex_normal_texture(temp, -56.000000, -16.000000, 224.000000, -0.707083, 0.707083, 0.000000, 0.189052, 0.115968);
d3d_model_vertex_normal_texture(temp, -64.000000, 48.000000, 224.000000, -0.923856, 0.382672, 0.000000, 0.315499, 0.115968);
d3d_model_vertex_normal_texture(temp, -64.000000, 16.000000, 0.000000, -0.707083, -0.707083, 0.000000, 0.259301, 0.453161);
d3d_model_vertex_normal_texture(temp, -64.000000, 16.000000, 224.000000, -0.707083, -0.707083, 0.000000, 0.259301, 0.115968);
d3d_model_vertex_normal_texture(temp, -48.000000, 64.000000, 224.000000, -0.382672, 0.923856, 0.000000, 0.355238, 0.115968);
d3d_model_vertex_normal_texture(temp, -64.000000, 48.000000, 0.000000, -0.923856, 0.382672, 0.000000, 0.315500, 0.453161);
d3d_model_vertex_normal_texture(temp, -64.000000, 48.000000, 224.000000, -0.923856, 0.382672, 0.000000, 0.315499, 0.115968);
d3d_model_vertex_normal_texture(temp, -56.000000, 16.000000, 224.000000, -0.707083, -0.707083, 0.000000, 0.245251, 0.115968);
d3d_model_vertex_normal_texture(temp, -56.000000, -16.000000, 0.000000, -0.707083, 0.707083, 0.000000, 0.189052, 0.453161);
d3d_model_vertex_normal_texture(temp, -56.000000, -16.000000, 224.000000, -0.707083, 0.707083, 0.000000, 0.189052, 0.115968);
d3d_model_vertex_normal_texture(temp, -64.000000, -48.000000, 0.000000, -0.923856, -0.382672, 0.000000, 0.118804, 0.453161);
d3d_model_vertex_normal_texture(temp, -48.000000, -64.000000, 224.000000, -0.382672, -0.923856, 0.000000, 0.079065, 0.115969);
d3d_model_vertex_normal_texture(temp, -64.000000, -48.000000, 224.000000, -0.923856, -0.382672, 0.000000, 0.118804, 0.115969);
d3d_model_vertex_normal_texture(temp, 48.000000, 64.000000, 224.000000, 0.382672, 0.923856, 0.000000, 0.551934, 0.115968);
d3d_model_vertex_normal_texture(temp, 16.000000, 64.000000, 0.000000, -0.707083, 0.707083, 0.000000, 0.495735, 0.453161);
d3d_model_vertex_normal_texture(temp, 16.000000, 64.000000, 224.000000, -0.707083, 0.707083, 0.000000, 0.495735, 0.115968);
d3d_model_vertex_normal_texture(temp, 16.000000, -64.000000, 224.000000, -0.707083, -0.707083, 0.000000, 0.884306, 0.115968);
d3d_model_vertex_normal_texture(temp, 48.000000, -64.000000, 0.000000, 0.382672, -0.923856, 0.000000, 0.828107, 0.453161);
d3d_model_vertex_normal_texture(temp, 48.000000, -64.000000, 224.000000, 0.382672, -0.923856, 0.000000, 0.828107, 0.115968);
d3d_model_vertex_normal_texture(temp, -64.000000, 16.000000, 224.000000, -0.707083, -0.707083, 0.000000, 0.259301, 0.115968);
d3d_model_vertex_normal_texture(temp, -56.000000, 16.000000, 0.000000, -0.707083, -0.707083, 0.000000, 0.245251, 0.453161);
d3d_model_vertex_normal_texture(temp, -56.000000, 16.000000, 224.000000, -0.707083, -0.707083, 0.000000, 0.245251, 0.115968);
d3d_model_vertex_normal_texture(temp, 64.000000, 48.000000, 224.000000, 0.923856, 0.382672, 0.000000, 0.591673, 0.115968);
d3d_model_vertex_normal_texture(temp, 48.000000, 64.000000, 0.000000, 0.382672, 0.923856, 0.000000, 0.551934, 0.453161);
d3d_model_vertex_normal_texture(temp, 48.000000, 64.000000, 224.000000, 0.382672, 0.923856, 0.000000, 0.551934, 0.115968);
d3d_model_vertex_normal_texture(temp, 16.000000, 56.000000, 224.000000, -0.707083, 0.707083, 0.000000, 0.481686, 0.115968);
d3d_model_vertex_normal_texture(temp, -16.000000, 56.000000, 0.000000, 0.707083, 0.707083, 0.000000, 0.425487, 0.453161);
d3d_model_vertex_normal_texture(temp, -16.000000, 56.000000, 224.000000, 0.707083, 0.707083, 0.000000, 0.425487, 0.115968);
d3d_model_vertex_normal_texture(temp, 16.000000, -56.000000, 224.000000, -0.707083, -0.707083, 0.000000, 0.898356, 0.115968);
d3d_model_vertex_normal_texture(temp, 16.000000, -64.000000, 0.000000, -0.707083, -0.707083, 0.000000, 0.884306, 0.453161);
d3d_model_vertex_normal_texture(temp, 16.000000, -64.000000, 224.000000, -0.707083, -0.707083, 0.000000, 0.884306, 0.115968);
d3d_model_vertex_normal_texture(temp, 16.000000, 64.000000, 224.000000, -0.707083, 0.707083, 0.000000, 0.495735, 0.115968);
d3d_model_vertex_normal_texture(temp, 16.000000, 56.000000, 0.000000, -0.707083, 0.707083, 0.000000, 0.481686, 0.453161);
d3d_model_vertex_normal_texture(temp, 16.000000, 56.000000, 224.000000, -0.707083, 0.707083, 0.000000, 0.481686, 0.115968);
d3d_model_vertex_normal_texture(temp, 48.000000, -64.000000, 224.000000, 0.382672, -0.923856, 0.000000, 0.828107, 0.115968);
d3d_model_vertex_normal_texture(temp, 64.000000, -48.000000, 0.000000, 0.923856, -0.382672, 0.000000, 0.788369, 0.453161);
d3d_model_vertex_normal_texture(temp, 64.000000, -48.000000, 224.000000, 0.923856, -0.382672, 0.000000, 0.788369, 0.115968);
d3d_model_vertex_normal_texture(temp, 64.000000, -48.000000, 224.000000, 0.923856, -0.382672, 0.000000, 0.788369, 0.115968);
d3d_model_vertex_normal_texture(temp, 64.000000, -16.000000, 0.000000, 0.707083, 0.707083, 0.000000, 0.732170, 0.453161);
d3d_model_vertex_normal_texture(temp, 64.000000, -16.000000, 224.000000, 0.707083, 0.707083, 0.000000, 0.732170, 0.115968);
d3d_model_vertex_normal_texture(temp, -48.000000, -64.000000, 0.000000, -0.382672, -0.923856, 0.000000, 0.079065, 0.453161);
d3d_model_vertex_normal_texture(temp, -16.000000, -64.000000, 224.000000, 0.707083, -0.707083, 0.000000, 0.022866, 0.115969);
d3d_model_vertex_normal_texture(temp, -48.000000, -64.000000, 224.000000, -0.382672, -0.923856, 0.000000, 0.079065, 0.115969);
d3d_model_vertex_normal_texture(temp, -16.000000, 64.000000, 224.000000, 0.707083, 0.707083, 0.000000, 0.411437, 0.115968);
d3d_model_vertex_normal_texture(temp, -48.000000, 64.000000, 0.000000, -0.382672, 0.923856, 0.000000, 0.355238, 0.453161);
d3d_model_vertex_normal_texture(temp, -48.000000, 64.000000, 224.000000, -0.382672, 0.923856, 0.000000, 0.355238, 0.115968);
d3d_model_vertex_normal_texture(temp, 56.000000, -16.000000, 224.000000, 0.707083, 0.707083, 0.000000, 0.718120, 0.115968);
d3d_model_vertex_normal_texture(temp, 56.000000, 16.000000, 0.000000, 0.707083, -0.707083, 0.000000, 0.661921, 0.453161);
d3d_model_vertex_normal_texture(temp, 56.000000, 16.000000, 224.000000, 0.707083, -0.707083, 0.000000, 0.661921, 0.115968);
d3d_model_vertex_normal_texture(temp, 64.000000, -16.000000, 224.000000, 0.707083, 0.707083, 0.000000, 0.732170, 0.115968);
d3d_model_vertex_normal_texture(temp, 56.000000, -16.000000, 0.000000, 0.707083, 0.707083, 0.000000, 0.718120, 0.453161);
d3d_model_vertex_normal_texture(temp, 56.000000, -16.000000, 224.000000, 0.707083, 0.707083, 0.000000, 0.718120, 0.115968);
d3d_model_vertex_normal_texture(temp, -16.000000, -64.000000, 0.000000, 0.707083, -0.707083, 0.000000, 0.022866, 0.453161);
d3d_model_vertex_normal_texture(temp, -16.000000, -56.000000, 224.000000, 0.707083, -0.707083, 0.000000, 0.008816, 0.115969);
d3d_model_vertex_normal_texture(temp, -16.000000, -64.000000, 224.000000, 0.707083, -0.707083, 0.000000, 0.022866, 0.115969);
d3d_model_vertex_normal_texture(temp, -16.000000, 56.000000, 224.000000, 0.707083, 0.707083, 0.000000, 0.425487, 0.115968);
d3d_model_vertex_normal_texture(temp, -16.000000, 64.000000, 0.000000, 0.707083, 0.707083, 0.000000, 0.411437, 0.453161);
d3d_model_vertex_normal_texture(temp, -16.000000, 64.000000, 224.000000, 0.707083, 0.707083, 0.000000, 0.411437, 0.115968);
d3d_model_vertex_normal_texture(temp, -16.000000, -56.000000, 0.000000, 0.707083, -0.707083, 0.000000, 0.954555, 0.453161);
d3d_model_vertex_normal_texture(temp, 16.000000, -56.000000, 224.000000, -0.707083, -0.707083, 0.000000, 0.898356, 0.115968);
d3d_model_vertex_normal_texture(temp, -16.000000, -56.000000, 224.000000, 0.707083, -0.707083, 0.000000, 0.954555, 0.115968);
d3d_model_vertex_normal_texture(temp, 64.000000, 16.000000, 224.000000, 0.707083, -0.707083, 0.000000, 0.647872, 0.115968);
d3d_model_vertex_normal_texture(temp, 64.000000, 48.000000, 0.000000, 0.923856, 0.382672, 0.000000, 0.591673, 0.453161);
d3d_model_vertex_normal_texture(temp, 64.000000, 48.000000, 224.000000, 0.923856, 0.382672, 0.000000, 0.591673, 0.115968);
d3d_model_vertex_normal_texture(temp, 121.599998, -91.199997, 224.000076, 0.444014, -0.154790, -0.882504, 0.397366, 0.517222);
d3d_model_vertex_normal_texture(temp, 96.000000, -128.000000, 232.000061, 0.370006, -0.861171, -0.348491, 0.466139, 0.558037);
d3d_model_vertex_normal_texture(temp, 91.199997, -121.599998, 224.000061, 0.154790, -0.444014, -0.882504, 0.450754, 0.570611);
d3d_model_vertex_normal_texture(temp, 121.599998, 91.199997, 224.000061, 0.444014, 0.154790, -0.882504, 0.077032, 0.517222);
d3d_model_vertex_normal_texture(temp, 96.000000, 128.000000, 232.000061, 0.370006, 0.861171, -0.348491, 0.008259, 0.558036);
d3d_model_vertex_normal_texture(temp, 128.000000, 96.000000, 232.000061, 0.861171, 0.370006, -0.348491, 0.064458, 0.501838);
d3d_model_vertex_normal_texture(temp, -121.599998, 91.199997, 223.999924, -0.444014, 0.154790, -0.882504, 0.077032, 0.944333);
d3d_model_vertex_normal_texture(temp, -96.000000, 128.000000, 231.999939, -0.370006, 0.861171, -0.348491, 0.008259, 0.903518);
d3d_model_vertex_normal_texture(temp, -91.199997, 121.599998, 223.999939, -0.154790, 0.444014, -0.882504, 0.023643, 0.890944);
d3d_model_vertex_normal_texture(temp, -121.599998, -91.199997, 223.999924, -0.444014, -0.154790, -0.882504, 0.397366, 0.944333);
d3d_model_vertex_normal_texture(temp, -96.000000, -128.000000, 231.999939, -0.370006, -0.861171, -0.348491, 0.466139, 0.903518);
d3d_model_vertex_normal_texture(temp, -128.000000, -96.000000, 231.999924, -0.861171, -0.370006, -0.348491, 0.409940, 0.959717);
d3d_model_vertex_normal_texture(temp, 64.000000, -128.000000, 232.000015, 0.061190, -0.953276, -0.295724, 0.468747, 0.618380);
d3d_model_vertex_normal_texture(temp, 91.199997, -121.599998, 224.000061, 0.154790, -0.444014, -0.882504, 0.450754, 0.570611);
d3d_model_vertex_normal_texture(temp, 96.000000, -128.000000, 232.000061, 0.370006, -0.861171, -0.348491, 0.468747, 0.562181);
d3d_model_vertex_normal_texture(temp, 121.599998, -91.199997, 224.000076, 0.444014, -0.154790, -0.882504, 0.397366, 0.517222);
d3d_model_vertex_normal_texture(temp, 128.000000, 96.000000, 232.000061, 0.861171, 0.370006, -0.348491, 0.068602, 0.499229);
d3d_model_vertex_normal_texture(temp, 128.000000, -96.000000, 232.000076, 0.861171, -0.370006, -0.348491, 0.405795, 0.499229);
d3d_model_vertex_normal_texture(temp, 91.199997, 121.599998, 224.000061, 0.154790, 0.444014, -0.882504, 0.023643, 0.570611);
d3d_model_vertex_normal_texture(temp, -96.000000, 128.000000, 231.999939, -0.370006, 0.861171, -0.348491, 0.005651, 0.899374);
d3d_model_vertex_normal_texture(temp, 96.000000, 128.000000, 232.000061, 0.370006, 0.861171, -0.348491, 0.005651, 0.562181);
d3d_model_vertex_normal_texture(temp, -121.599998, 91.199997, 223.999924, -0.444014, 0.154790, -0.882504, 0.077032, 0.944333);
d3d_model_vertex_normal_texture(temp, -128.000000, -96.000000, 231.999924, -0.861171, -0.370006, -0.348491, 0.405795, 0.962326);
d3d_model_vertex_normal_texture(temp, -128.000000, 96.000000, 231.999908, -0.861171, 0.370006, -0.348491, 0.068602, 0.962326);
d3d_model_vertex_normal_texture(temp, 64.000000, -128.000000, 248.000015, 0.061159, -0.953276, 0.295724, 0.501163, 0.619792);
d3d_model_vertex_normal_texture(temp, 96.000000, -128.000000, 232.000061, 0.370006, -0.861171, -0.348491, 0.473063, 0.563593);
d3d_model_vertex_normal_texture(temp, 96.000000, -128.000000, 248.000061, 0.370006, -0.861171, 0.348491, 0.501163, 0.563593);
d3d_model_vertex_normal_texture(temp, 128.000000, -96.000000, 232.000076, 0.861171, -0.370006, -0.348491, 0.564114, 0.472542);
d3d_model_vertex_normal_texture(temp, 128.000000, 96.000000, 248.000061, 0.861171, 0.370006, 0.348491, 0.901307, 0.500641);
d3d_model_vertex_normal_texture(temp, 128.000000, -96.000000, 248.000076, 0.861171, -0.370006, 0.348491, 0.564114, 0.500641);
d3d_model_vertex_normal_texture(temp, 96.000000, 128.000000, 232.000061, 0.370006, 0.861171, -0.348491, 0.992358, 0.563592);
d3d_model_vertex_normal_texture(temp, -96.000000, 128.000000, 247.999939, -0.370006, 0.861171, 0.348491, 0.964258, 0.900785);
d3d_model_vertex_normal_texture(temp, 96.000000, 128.000000, 248.000061, 0.370006, 0.861171, 0.348491, 0.964259, 0.563592);
d3d_model_vertex_normal_texture(temp, -128.000000, 96.000000, 231.999908, -0.861171, 0.370006, -0.348491, 0.901308, 0.991837);
d3d_model_vertex_normal_texture(temp, -128.000000, -96.000000, 247.999924, -0.861171, -0.370006, 0.348491, 0.564114, 0.963737);
d3d_model_vertex_normal_texture(temp, -128.000000, 96.000000, 247.999908, -0.861171, 0.370006, 0.348491, 0.901308, 0.963737);
d3d_model_vertex_normal_texture(temp, 128.000000, -96.000000, 232.000076, 0.861171, -0.370006, -0.348491, 0.540100, 0.483380);
d3d_model_vertex_normal_texture(temp, 96.000000, -128.000000, 248.000061, 0.370006, -0.861171, 0.348491, 0.503771, 0.559448);
d3d_model_vertex_normal_texture(temp, 96.000000, -128.000000, 232.000061, 0.370006, -0.861171, -0.348491, 0.483902, 0.539579);
d3d_model_vertex_normal_texture(temp, 128.000000, 96.000000, 232.000061, 0.861171, 0.370006, -0.348491, 0.925321, 0.483380);
d3d_model_vertex_normal_texture(temp, 96.000000, 128.000000, 248.000061, 0.370006, 0.861171, 0.348491, 0.961651, 0.559448);
d3d_model_vertex_normal_texture(temp, 128.000000, 96.000000, 248.000061, 0.861171, 0.370006, 0.348491, 0.905452, 0.503249);
d3d_model_vertex_normal_texture(temp, -96.000000, 128.000000, 231.999939, -0.370006, 0.861171, -0.348491, 0.981520, 0.924799);
d3d_model_vertex_normal_texture(temp, -128.000000, 96.000000, 247.999908, -0.861171, 0.370006, 0.348491, 0.905452, 0.961129);
d3d_model_vertex_normal_texture(temp, -96.000000, 128.000000, 247.999939, -0.370006, 0.861171, 0.348491, 0.961651, 0.904930);
d3d_model_vertex_normal_texture(temp, -96.000000, -128.000000, 231.999939, -0.370006, -0.861171, -0.348491, 0.483902, 0.924799);
d3d_model_vertex_normal_texture(temp, -128.000000, -96.000000, 247.999924, -0.861171, -0.370006, 0.348491, 0.559970, 0.961129);
d3d_model_vertex_normal_texture(temp, -128.000000, -96.000000, 231.999924, -0.861171, -0.370006, -0.348491, 0.540101, 0.980998);
d3d_model_vertex_normal_texture(temp, 128.000000, 96.000000, 248.000061, 0.861171, 0.370006, 0.348491, 0.905452, 0.503249);
d3d_model_vertex_normal_texture(temp, 91.199997, 121.599998, 256.000061, 0.154790, 0.444014, 0.882504, 0.946266, 0.572022);
d3d_model_vertex_normal_texture(temp, 121.599998, 91.199997, 256.000061, 0.444014, 0.154790, 0.882504, 0.892877, 0.518633);
d3d_model_vertex_normal_texture(temp, -128.000000, 96.000000, 247.999908, -0.861171, 0.370006, 0.348491, 0.905452, 0.961129);
d3d_model_vertex_normal_texture(temp, -91.199997, 121.599998, 255.999939, -0.154790, 0.444014, 0.882504, 0.946267, 0.892356);
d3d_model_vertex_normal_texture(temp, -96.000000, 128.000000, 247.999939, -0.370006, 0.861171, 0.348491, 0.961651, 0.904930);
d3d_model_vertex_normal_texture(temp, -96.000000, -128.000000, 247.999939, -0.370006, -0.861171, 0.348491, 0.503771, 0.904930);
d3d_model_vertex_normal_texture(temp, -121.599998, -91.199997, 255.999924, -0.444014, -0.154790, 0.882504, 0.572544, 0.945745);
d3d_model_vertex_normal_texture(temp, -128.000000, -96.000000, 247.999924, -0.861171, -0.370006, 0.348491, 0.559970, 0.961129);
d3d_model_vertex_normal_texture(temp, 64.000000, -128.000000, 248.000015, 0.061159, -0.953276, 0.295724, 0.501163, 0.619792);
d3d_model_vertex_normal_texture(temp, 91.199997, -121.599998, 256.000061, 0.154790, -0.444014, 0.882504, 0.519155, 0.572022);
d3d_model_vertex_normal_texture(temp, 56.000000, -121.599998, 256.000000, 0.122135, -0.115940, 0.985687, 0.519155, 0.633841);
d3d_model_vertex_normal_texture(temp, 128.000000, -96.000000, 248.000076, 0.861171, -0.370006, 0.348491, 0.564114, 0.500641);
d3d_model_vertex_normal_texture(temp, 121.599998, 91.199997, 256.000061, 0.444014, 0.154790, 0.882504, 0.892877, 0.518633);
d3d_model_vertex_normal_texture(temp, 121.599998, -91.199997, 256.000061, 0.444014, -0.154790, 0.882504, 0.572544, 0.518634);
d3d_model_vertex_normal_texture(temp, 96.000000, 128.000000, 248.000061, 0.370006, 0.861171, 0.348491, 0.964259, 0.563592);
d3d_model_vertex_normal_texture(temp, -91.199997, 121.599998, 255.999939, -0.154790, 0.444014, 0.882504, 0.946267, 0.892356);
d3d_model_vertex_normal_texture(temp, 91.199997, 121.599998, 256.000061, 0.154790, 0.444014, 0.882504, 0.946266, 0.572022);
d3d_model_vertex_normal_texture(temp, -128.000000, 96.000000, 247.999908, -0.861171, 0.370006, 0.348491, 0.901308, 0.963737);
d3d_model_vertex_normal_texture(temp, -121.599998, -91.199997, 255.999924, -0.444014, -0.154790, 0.882504, 0.572544, 0.945745);
d3d_model_vertex_normal_texture(temp, -121.599998, 91.199997, 255.999924, -0.444014, 0.154790, 0.882504, 0.892878, 0.945745);
d3d_model_vertex_normal_texture(temp, 96.000000, -128.000000, 248.000061, 0.370006, -0.861171, 0.348491, 0.503771, 0.559448);
d3d_model_vertex_normal_texture(temp, 121.599998, -91.199997, 256.000061, 0.444014, -0.154790, 0.882504, 0.572544, 0.518634);
d3d_model_vertex_normal_texture(temp, 91.199997, -121.599998, 256.000061, 0.154790, -0.444014, 0.882504, 0.519155, 0.572022);
d3d_model_vertex_normal_texture(temp, -91.199997, -121.599998, 255.999939, -0.154790, -0.444014, 0.882504, 0.519155, 0.892356);
d3d_model_vertex_normal_texture(temp, -64.000000, -128.000000, 247.999969, -0.061190, -0.953276, 0.295724, 0.501163, 0.844587);
d3d_model_vertex_normal_texture(temp, -56.000000, -121.599998, 255.999969, -0.122135, -0.115940, 0.985687, 0.519155, 0.830537);
d3d_model_vertex_normal_texture(temp, -96.000000, -128.000000, 247.999939, -0.370006, -0.861171, 0.348491, 0.501163, 0.900786);
d3d_model_vertex_normal_texture(temp, -64.000000, -128.000000, 231.999969, -0.061190, -0.953276, -0.295724, 0.473063, 0.844587);
d3d_model_vertex_normal_texture(temp, -64.000000, -128.000000, 247.999969, -0.061190, -0.953276, 0.295724, 0.501163, 0.844587);
d3d_model_vertex_normal_texture(temp, -91.199997, -121.599998, 223.999939, -0.154790, -0.444014, -0.882504, 0.450754, 0.890944);
d3d_model_vertex_normal_texture(temp, -64.000000, -128.000000, 231.999969, -0.061190, -0.953276, -0.295724, 0.468747, 0.843175);
d3d_model_vertex_normal_texture(temp, -96.000000, -128.000000, 231.999939, -0.370006, -0.861171, -0.348491, 0.468747, 0.899374);
d3d_model_vertex_normal_texture(temp, 56.000000, -121.599998, 224.000015, 0.122135, -0.115940, -0.985687, 0.221901, 0.013611);
d3d_model_vertex_normal_texture(temp, -56.000000, -128.000000, 223.999969, -0.297098, -0.630238, -0.717277, 0.025205, 0.024851);
d3d_model_vertex_normal_texture(temp, -56.000000, -121.599998, 223.999969, -0.122135, -0.115940, -0.985687, 0.025205, 0.013611);
d3d_model_vertex_normal_texture(temp, -56.000000, -128.000000, 255.999969, -0.297098, -0.630238, 0.717277, 0.025205, 0.081050);
d3d_model_vertex_normal_texture(temp, 56.000000, -121.599998, 256.000000, 0.122135, -0.115940, 0.985687, 0.221901, 0.092289);
d3d_model_vertex_normal_texture(temp, -56.000000, -121.599998, 255.999969, -0.122135, -0.115940, 0.985687, 0.025205, 0.092290);
d3d_model_vertex_normal_texture(temp, -56.000000, -128.000000, 255.999969, -0.297098, -0.630238, 0.717277, 0.025205, 0.081050);
d3d_model_vertex_normal_texture(temp, -64.000000, -128.000000, 231.999969, -0.061190, -0.953276, -0.295724, 0.011156, 0.038901);
d3d_model_vertex_normal_texture(temp, -56.000000, -128.000000, 223.999969, -0.297098, -0.630238, -0.717277, 0.025205, 0.024851);
d3d_model_vertex_normal_texture(temp, 64.000000, -128.000000, 232.000015, 0.061190, -0.953276, -0.295724, 0.235951, 0.038901);
d3d_model_vertex_normal_texture(temp, 56.000000, -128.000000, 256.000000, 0.297098, -0.630238, 0.717277, 0.221901, 0.081050);
d3d_model_vertex_normal_texture(temp, 56.000000, -128.000000, 224.000015, 0.297098, -0.630238, -0.717277, 0.221901, 0.024851);
d3d_model_vertex_normal_texture(temp, -56.000000, -128.000000, 255.999969, -0.297098, -0.630238, 0.717277, 0.025205, 0.081050);
d3d_model_vertex_normal_texture(temp, 56.000000, -128.000000, 224.000015, 0.297098, -0.630238, -0.717277, 0.221901, 0.024851);
d3d_model_vertex_normal_texture(temp, 56.000000, -128.000000, 256.000000, 0.297098, -0.630238, 0.717277, 0.221901, 0.081050);
d3d_model_vertex_normal_texture(temp, 91.199997, 121.599998, 256.000061, 0.154790, 0.444014, 0.882504, 0.946266, 0.572022);
d3d_model_vertex_normal_texture(temp, -56.000000, -121.599998, 255.999969, -0.122135, -0.115940, 0.985687, 0.519155, 0.830537);
d3d_model_vertex_normal_texture(temp, 56.000000, -121.599998, 256.000000, 0.122135, -0.115940, 0.985687, 0.519155, 0.633841);
d3d_model_vertex_normal_texture(temp, 121.599998, 91.199997, 256.000061, 0.444014, 0.154790, 0.882504, 0.892877, 0.518633);
d3d_model_vertex_normal_texture(temp, 91.199997, -121.599998, 256.000061, 0.154790, -0.444014, 0.882504, 0.519155, 0.572022);
d3d_model_vertex_normal_texture(temp, 121.599998, -91.199997, 256.000061, 0.444014, -0.154790, 0.882504, 0.572544, 0.518634);
d3d_model_vertex_normal_texture(temp, -121.599998, -91.199997, 255.999924, -0.444014, -0.154790, 0.882504, 0.572544, 0.945745);
d3d_model_vertex_normal_texture(temp, -91.199997, 121.599998, 255.999939, -0.154790, 0.444014, 0.882504, 0.946267, 0.892356);
d3d_model_vertex_normal_texture(temp, -121.599998, 91.199997, 255.999924, -0.444014, 0.154790, 0.882504, 0.892878, 0.945745);
d3d_model_vertex_normal_texture(temp, -91.199997, 121.599998, 223.999939, -0.154790, 0.444014, -0.882504, 0.023643, 0.890944);
d3d_model_vertex_normal_texture(temp, -121.599998, -91.199997, 223.999924, -0.444014, -0.154790, -0.882504, 0.397366, 0.944333);
d3d_model_vertex_normal_texture(temp, -121.599998, 91.199997, 223.999924, -0.444014, 0.154790, -0.882504, 0.077032, 0.944333);
d3d_model_vertex_normal_texture(temp, -56.000000, -121.599998, 223.999969, -0.122135, -0.115940, -0.985687, 0.450754, 0.829125);
d3d_model_vertex_normal_texture(temp, 91.199997, 121.599998, 224.000061, 0.154790, 0.444014, -0.882504, 0.023643, 0.570611);
d3d_model_vertex_normal_texture(temp, 56.000000, -121.599998, 224.000015, 0.122135, -0.115940, -0.985687, 0.450754, 0.632429);
d3d_model_vertex_normal_texture(temp, 91.199997, -121.599998, 224.000061, 0.154790, -0.444014, -0.882504, 0.450754, 0.570611);
d3d_model_vertex_normal_texture(temp, 121.599998, 91.199997, 224.000061, 0.444014, 0.154790, -0.882504, 0.077032, 0.517222);
d3d_model_vertex_normal_texture(temp, 121.599998, -91.199997, 224.000076, 0.444014, -0.154790, -0.882504, 0.397366, 0.517222);
d3d_model_primitive_end(temp);
return temp;